AH.ANQ [-157.36674555844976, -153.91138034105845, -148.69352381931932, -151.40003429190264, -148.195494721569, -147.55367599323236, -149.97540341722117, -150.05438888149448, -154.32984733538092, -148.4732773302646, -148.940532507324, -156.33664513674015, -154.49339773236278]
AH.BEB [-134.92394334955267, -132.97000698591634, -133.03903492729685, -133.62604789500722, -136.54263933317594, -137.19338281143678, -138.85568715926286, -138.87532194187156, -139.1812251677345, -146.44629324651748, -142.63456153137088, -143.71437971318903, -150.22894334955268]
AH.CHZ [-144.08255617114116, -142.30069530157587, -141.76034127201794, -141.37326627201796, -143.61757460535128, -145.04236627201794, -146.07455793868462, -146.44304127201795, -148.07094731653737, -144.14111012215776, -145.1532021232113, -147.9085275134621, -153.01033620911423]
AH.HBE [-145.51105841266278, -142.66050841266275, -141.13035841266276, -141.3293996263129, -142.6410648437042, -142.29845614805203, -142.51299093066078, -143.03970313048802, -143.4288466087489, -139.74155530440106, -141.52372052179237, -138.67786295811732, -146.91311750357184]
AH.HEF [-151.03024678539998, -150.79941900762222, -152.46097456317779, -153.22222129887982, -155.6675826820119, -156.03142934867856, -156.1667025647195, -156.61945564968443, -155.97851120523998, -154.642903651821, -156.3893426820119, -157.15672496021173, -158.74874887728822]
AH.HUS [-138.25815479018473, -136.23890807741017, -135.022099381758, -135.40885155567105, -136.83264174670643, -137.71883739888034, -139.05275479018468, -139.78015479018472, -140.14804174670644, -141.2490289900113, -144.37525507696785, -147.65840894133572, -158.5444868877929]
AH.JIX [-143.2847742862984, -143.41525902037898, -144.98795902037895, -145.98133293342244, -148.71800249863986, -149.08128945516157, -149.1084916906839, -148.79263082111868, -147.1064873428578, -146.1186655906462, -147.65507407641186, -148.15486538075967, -157.21524108164115]
AH.LAN [-144.51000926222235, -151.61123978742026, -145.9708614361354, -145.97880491439628, -145.88938162752274, -145.54587727969664, -145.4666555405662, -145.4411598883923, -150.31875130764786, -148.76536435112612, -148.42551652503914, -149.01059478590872, -152.65288522922827]
AH.TOL [-143.25093811015063, -137.55026968546858, -136.46090446807727, -136.3249349028599, -136.95088615749722, -138.2076383314103, -139.61788180967116, -140.44721659227986, -139.95676007054072, -138.56058732793477, -132.4791482468812, -138.30918606395198, -146.61427736829984]
BJ.CIQ [-135.59648169981452, -134.1401055032763, -133.19340550327632, -131.96766161914584, -132.60601379305888, -133.7752746626241, -134.40998376414586, -134.23475767718938, -133.47701854675455, -132.9046618900866, -132.5506358031301, -131.25539667269538, -137.21327058573885]
BJ.FHY [-128.874736479797, -129.07516819443447, -128.38815819443445, -128.63637819443446, -130.20736819443445, -131.38724819443445, -132.42695319443445, -133.31169819443446, -134.05722819443443, -134.60916319443447, -135.93764319443443, -133.82847319443445, -135.74853319443446]
CQ.CQT [-148.18994056368825, -145.19490056368824, -142.75082056368828, -142.50660056368824, -143.66450056368828, -144.15678056368824, -144.39684753587346, -145.39144591050834, -145.49244753587345, -148.48764591050832, -150.7628173390798, -151.4997601962226, -156.02272056368824]
CQ.HCB [-154.6024640263086, -156.2177924473612, -156.7923619210454, -157.4416187631507, -160.77750192104543, -161.1009661315717, -161.23200192104542, -159.17617342747272, -160.87290676080607, -163.32125265436102, -164.94588453858384, -166.0909734274727, -169.25789257146613]
CQ.XIS [-145.8126876792009, -145.5345922246554, -145.09431820218515, -144.19215008234536, -144.0555442891417, -144.48049356060625, -146.46049222465547, -148.88754222465548, -153.62491949738268, -157.74409677011, -160.4889422246555, -166.04542150330778, -165.7721718214758]
FJ.QZH [-142.87680161750245, -144.72563147588278, -144.45252994538984, -145.41778772588276, -146.01690267549876, -146.54744434216545, -146.87117767549879, -146.58630267549876, -145.70740351352902, -146.8027806312572, -146.75430790398448, -146.10706244943904, -147.7328988130754]
GD.CHZ [-143.5705010212194, -142.07178523174568, -141.14255891595627, -140.8512010212194, -140.56603260016678, -139.9744062843773, -139.1272062843773, -139.97397291449707, -140.56033378406227, -140.75800334927968, -140.86988595797533, -141.8442946536275, -144.4406957580615]
GD.DOG [-136.8950762050759, -137.71524438689408, -138.54965062193943, -138.6361549697655, -136.25298670593668, -136.02832306957302, -136.61000269000996, -135.31312761502758, -134.24027306957302, -138.57630488775487, -140.13466397866392, -139.41290034230033, -143.12758216048215]
GD.FES [-153.7731492621354, -151.69881780671977, -152.92025271445834, -153.24191793184963, -155.65397445358875, -156.11068751042654, -156.9083353365135, -157.5447049017309, -158.79644403216565, -159.36453533651348, -159.64090946864613, -160.08389207734177, -158.32814403216565]
GD.HUD [-146.991624881913, -146.60255314278257, -145.80865096886947, -145.3423053166956, -141.30289956574552, -141.97819956574554, -142.99551695704986, -143.09982130487595, -143.39751457797942, -141.11486675189246, -139.8933232736316, -138.077492838849, -146.12405370841418]
GD.HUZ [-143.81318228436945, -142.20144750176078, -139.30115619741295, -138.18166054523905, -138.34830837132597, -138.66519532784775, -139.21519098002165, -139.8710214148042, -141.3008431539347, -142.32012141480425, -142.90633011045642, -143.3637127191521, -148.70067776547424]
GD.MEZ [-148.08158309487894, -150.4282349120388, -151.8826566511692, -152.68279578160403, -153.9617349120388, -154.2134305642127, -154.24407404247356, -153.7816609989953, -153.37354360769098, -152.41991317290834, -151.1733067250745, -151.8310110729006, -159.16422846420488]
GD.SHD [-142.0051207636072, -136.68271621815265, -132.36942076360722, -131.7840843999709, -137.52577530906177, -140.8274571272436, -141.7774207636072, -141.75981167269816, -140.93964349087997, -142.43994164370739, -143.6118660881518, -145.30625942148512, -151.21772386592954]
GD.SHG [-148.97155362567395, -145.40409710393484, -142.73973980686273, -142.62217458947143, -143.1503137199062, -143.7014485025149, -144.60780937208008, -145.15860893375586, -144.85615241201666, -144.37235659023847, -144.72476833910738, -146.900787868206, -149.493287868206]
GD.SHT [-135.32334887642787, -136.32293935261833, -137.39607744785644, -137.3867203049993, -137.97755363833264, -138.91454887642786, -139.82445622454233, -140.59733013758577, -142.10272506690407, -142.66154754053605, -143.84619992148845, -143.95948087386938, -144.84878220976123]
GD.SHW [-134.32508849335736, -135.9126668231949, -135.39202769276017, -135.25435812754276, -137.81683293658472, -136.83999291015144, -137.09589291015143, -137.57349291015143, -139.16768139633456, -142.88777169638377, -144.00619343551418, -145.62160213116636, -146.01255788652114]
GD.SZN [-121.50733216502198, -122.62780674231311, -123.3639298192362, -124.26087597308235, -126.90818366539001, -128.16531443462083, -130.2977990500054, -132.43371443462078, -134.64746058846694, -136.60983651284806, -137.0535234693698, -138.42286259980457, -140.80248759754977]
GD.XFJ [-138.42365199768057, -138.56722818815675, -138.36238533101383, -139.71287180630605, -141.56391206900454, -143.31493815596104, -146.15786382054299, -148.31064250378714, -146.97703815596103, -147.46103380813494, -149.95616424291757, -153.2441555472654, -157.25333380813493]
GD.XNH [-137.564896759773, -139.53152551922028, -142.24555885255361, -142.29620885255363, -139.42156761150727, -140.29225022020293, -143.34570885255366, -145.98100885255366, -146.83587551922028, -144.99165885255366, -145.45634218588697, -148.37339218588696, -152.59522551922032]
GD.YGC [-139.30972852404517, -137.76613166287132, -136.54779621821555, -138.1882053097189, -140.21337922276237, -140.20328357058847, -141.0433800661983, -141.29613006619832, -141.34763006619832, -142.66798818461044, -144.22315103119877, -146.1504487879798, -152.4627053097189]
GD.YGJ [-127.66606523675591, -129.17352175849507, -127.44217614224476, -128.47302286949107, -134.77690691147555, -136.89332229609093, -137.71154300587688, -139.1692734406595, -142.17844802000047, -144.00381400537108, -145.21313139667546, -147.5266357445015, -149.75686183145805]
GD.ZHH [-133.00910240529709, -132.87720793048928, -131.70183793048926, -132.30868793048927, -134.59080793048923, -136.20771793048925, -138.0070279304893, -139.59671793048926, -141.32221793048924, -141.14154240529712, -142.34139573863044, -143.12118555794655, -145.42475344548194]
GD.ZHJ [-133.57711575947812, -133.43088532469548, -133.36882715427043, -136.14071845861824, -139.22035324122695, -140.07695324122696, -140.92085758905307, -140.74040976296612, -142.37287932818353, -146.60476193687913, -147.73491845861827, -148.28988802383563, -154.3745097629661]
GD.ZHQ [-137.62397253708434, -138.05313340664964, -141.04784813547613, -140.95362204851963, -139.88809892962226, -139.77115979918747, -139.95502501657876, -139.7816728426657, -142.47243943982394, -141.22534446171795, -142.3103807604918, -142.8766361218731, -145.3452936834557]
GD.ZHS [-137.2852401829431, -136.71817188266166, -136.27533275222692, -136.11400666527038, -138.2112491099799, -139.47181867519726, -140.6485317186755, -141.0896706177257, -142.1730015358358, -143.14761892714014, -143.60254501409665, -145.11048849235755, -152.44456153051712]
GS.BYT [-140.3129153101315, -141.3363631362184, -143.1962329486038, -143.65804599208204, -145.90246313621844, -146.03934065594072, -145.80758848202768, -144.95187617969668, -143.97338922317496, -146.3586327014358, -147.77334065594076, -152.83861634745276, -155.3444200590429]
GS.HXP [-146.38926101221827, -138.51457292939855, -139.39099497085203, -138.16023306609011, -136.96767116132818, -137.8022473518044, -138.21545211370918, -138.27025740159226, -138.32972962381444, -136.1042740682589, -135.2458629571478, -136.94919514618036, -143.79533798339344]
GS.HZT [-144.21327953242786, -145.51569771424607, -147.0263516256371, -147.0255431687915, -148.028138623337, -148.32183862333696, -148.31584771424605, -148.33501589606425, -148.7751931687915, -151.1199795324279, -151.9980704415188, -152.69838862333697, -159.00186587282332]
GS.JYG [-143.68620004425367, -145.4887362144664, -145.95801706553027, -146.89955110808344, -150.82134046978558, -150.63713195914727, -149.97364259744515, -149.7225830229771, -149.75726387404092, -149.30715749106218, -150.21479366127494, -153.1282213208494, -157.96933621446644]
GS.LXA [-144.03055516004937, -142.38805950787545, -143.3404713934492, -144.2069931325796, -148.36942356736222, -149.32041921953618, -149.68829313257962, -149.35583661084053, -149.23798443692746, -150.28337796849743, -152.6838670456231, -154.4576757412753, -161.3186768991798]
GS.LZH [-134.43774415597557, -132.88817023850532, -131.7199747839599, -131.66530205668715, -132.29757023850533, -133.0969847733223, -133.68181204604957, -134.7639560075715, -135.25322023850532, -136.3640566021417, -137.31157478395986, -137.67605660214167, -141.64794550033363]
GS.PLT [-151.19655099887535, -150.84442468308592, -150.657619419928, -150.7406141567701, -150.27485099887542, -150.08639310413855, -149.82639836729643, -152.21322672283253, -152.0043615054412, -152.54005715761514, -152.68619194022386, -154.1949049837021, -154.49637020109338]
GS.SGT [-159.5111314503597, -156.57753565454786, -155.4801182632435, -156.8537169965803, -152.94919960527596, -152.0884691704933, -147.98246407948744, -151.792251779189, -147.13966842731358, -145.41760755774837, -143.47235562314975, -146.24217351831942, -148.2170740838963]
GS.TSS [-146.99735920574454, -145.00102705249023, -147.7883400959685, -150.39372770835695, -152.89893574814238, -153.8991444437946, -154.81286618292498, -155.37953574814242, -156.46650096553373, -162.89979398835325, -161.1809503699994, -161.82157210912985, -162.7612755344439]
GS.WXT [-145.35704212660096, -143.94331169181837, -143.59681169181837, -143.93391444452254, -146.21347096626167, -146.9268840097399, -148.00051009669642, -148.5325318358269, -149.23771709921448, -151.67678426485534, -151.78939101225794, -156.69474335576444, -158.70621009669645]
GS.YJZ [-165.09263469994426, -166.59320312099686, -168.0785294367863, -169.72671600336687, -170.69498733152318, -171.03332943678635, -171.08484522626, -170.88565048941794, -166.19780446563934, -167.86443779897272, -169.24560446563936, -169.82883779897267, -170.367371132306]
GX.BHS [-129.62411591346367, -133.9441289569419, -135.3055463482463, -135.33980721781148, -138.18595383632345, -139.19751035806266, -139.87360166241044, -139.07025383632345, -139.75490917690072, -143.02533209719306, -145.1230538363235, -147.9295538363235, -153.08189296675826]
GX.BSS [-140.77330862968552, -140.70135210794638, -139.4208628421681, -137.77461936390722, -136.8813854895517, -137.02932108277201, -138.54899396412796, -137.5710086296855, -135.63843675521161, -137.0725019726029, -142.8449976247768, -139.04631936390723, -148.04045837090763]
GX.CZS [-142.9779786865753, -144.12980042570572, -144.70090912135794, -145.00441781701008, -145.99923955614054, -147.15689607787962, -147.1061830344014, -147.7995265126623, -148.75175259961878, -150.54856564309705, -151.14815357267096, -151.20404922484485, -156.14554843704403]
GX.GGS [-146.59590441631548, -146.98685858298214, -142.73626989810586, -143.41871772419285, -147.7205124145728, -147.9716254580511, -148.2658515450076, -148.40358632761627, -150.26451241457283, -149.60073850152935, -150.19383415370328, -153.18836893631197, -154.73541158891538]
GX.GUL [-146.25898205659146, -147.68157751113694, -147.7971047838642, -148.22444114750056, -150.27433660204602, -151.75714495546055, -153.34687979614654, -153.81118931995604, -155.1451179982569, -157.17731796614447, -157.6308005748401, -155.88762213027422, -160.87071796614444]
GX.HZS [-140.94731079682478, -143.38943037263863, -147.43506080742122, -145.78943472046473, -140.79388806955208, -141.6307198877339, -143.24385105152206, -144.4825737787948, -146.59228097978922, -148.1121535520567, -148.0873717338749, -152.59975222424038, -154.66434536962905]
GX.NNS [-134.70627419394904, -134.48169919394903, -135.192959193949, -135.20677919394902, -135.78592077659033, -136.35834709237983, -136.1572839344851, -134.05486309948697, -133.71568918644354, -138.47939419394902, -140.45063419394904, -139.66722772350684, -150.47568049079135]
GX.RAX [-131.40189045942486, -130.20111141088657, -133.19428868361385, -137.23146595634108, -147.0172205017956, -148.7802159563411, -150.33225231997747, -149.690856865432, -153.8393691681814, -155.1733011386918, -158.87973624804263, -160.87324026912657, -160.25085798717305]
GX.WZS [-149.7889877620623, -150.62247404423746, -149.19671752249835, -148.50155230510703, -147.49905230510706, -148.00135732727966, -148.12332689249706, -147.91883829594673, -148.81934360945485, -153.34804360945483, -154.8115914355418, -155.56020882684615, -158.2882305659766]
GX.XCT [-136.56770693581828, -136.52182966309104, -136.6120887540001, -136.70924329945464, -138.31139329945464, -138.17066148127282, -139.12633420854556, -138.94796602672739, -137.90331148127285, -137.00161148127282, -142.07982994004672, -149.82912057218192, -160.17388229030905]
GX.YLS [-136.2139765230771, -134.66703902307708, -134.62286402307708, -135.3192867550231, -139.9195573944068, -140.81374781701362, -143.03354052692893, -143.46172748345063, -144.8404993598254, -148.80112979460802, -148.93305791823323, -150.61317096171152, -158.2896091054527]
GZ.BJT [-144.7482776973174, -143.04197646085416, -143.02117646085418, -143.1406590695498, -145.23542428694114, -145.58911993911508, -146.30986077560982, -145.78524602607158, -145.9909025478107, -147.730567765202, -148.727867765202, -149.80332061088444, -156.95469473150175]
GZ.LDT [-165.4517361356772, -166.96274483132933, -167.3201772179214, -167.64589026139973, -166.77355056865684, -164.07893808748665, -162.50371200053016, -160.5807641744432, -159.21894187300464, -149.93816152136714, -152.0182297031853, -154.90151862185203, -163.81315004570072]
GZ.LPS [-150.41399305776142, -147.46630195210668, -148.7277031473429, -148.55935097342987, -148.88491619082117, -149.25468140821246, -149.48607706038638, -149.43610314734292, -150.5192335821255, -152.09818140821247, -153.7605727125603, -155.168759669082, -156.4793944516907]
GZ.XYT [-149.36923725697616, -148.1360024743675, -147.77005030045444, -147.80698073523703, -147.75503725697618, -148.38330682219356, -149.6496198656718, -151.25219377871525, -153.1310329091501, -152.63147203958485, -152.45557203958484, -157.53263587645998, -158.65662728199686]
GZ.ZYT [-146.42496944880884, -142.05645759945608, -143.54691846902128, -145.02510107771693, -146.30382716467346, -152.88314738271487, -152.23595694570602, -151.70008303266255, -148.50741694793223, -143.70972716467344, -145.29212716467345, -149.54553987600553, -153.46325386010096]
HA.DA [-146.98633817620257, -145.4830164370721, -142.75761210073685, -143.24396975339985, -145.2077294805504, -144.75817295881123, -143.10276019066524, -142.76785019066523, -143.56347295881125, -144.9891875415729, -144.3492005850512, -144.5986179763555, -151.48749623722506]
HA.HEB [-135.5146622514393, -135.20178113745285, -137.08131113745287, -137.01795113745285, -136.81769113745284, -136.55570113745287, -136.27887113745285, -136.6472611374529, -137.34439113745282, -136.48962213180874, -136.59872213180876, -141.03740113745286, -142.89610113745286]
HA.JS [-150.34050195920378, -148.38249453873343, -145.5627849831431, -145.54136593552414, -148.090650164279, -148.90293652791536, -149.64347743700628, -149.80773736409552, -150.70451831647645, -151.11582289155172, -151.97250016427898, -152.8056047097335, -156.51053198246083]
HA.JY [-141.00331933837546, -142.15121264663065, -143.67404224698498, -144.00860588334862, -143.8183171920852, -143.61562842928458, -143.21416933837546, -143.18112628299428, -142.32999904797404, -143.17292177524675, -145.0077354116104, -147.70714605902765, -151.8010768282584]
HA.JZ [-142.2638549601557, -145.98832718237793, -146.97008273793347, -146.81243829348898, -147.27238273793347, -148.16198829348903, -148.06799384904454, -147.45212162682233, -146.55721051571123, -148.97946514546828, -148.35184014546826, -146.23394514546828, -148.12334724842384]
HA.KAF [-131.29389202472623, -130.36220313583732, -129.80580313583735, -130.01110313583735, -131.8790475802818, -132.53243131112745, -132.71155631112745, -132.70931881112747, -132.1923586913929, -132.42211881112746, -130.37276980250402, -134.35442773005758, -139.15874960505758]
HA.LYN [-139.107338425424, -139.799083057954, -138.98282705795395, -138.4634746552766, -138.2297746552766, -137.54561933612771, -135.99244912336172, -134.75882146378726, -134.90567934348127, -131.10883210208507, -130.89487667941341, -133.22986556830233, -143.8975273143129]
HA.LZH [-137.67181629651887, -137.30857315163826, -138.4711899807294, -138.43618171005272, -139.19744261230835, -138.79043734915047, -138.482311033361, -138.15933734915046, -139.08086453288703, -141.25914261230835, -142.23031516720877, -142.445711033361, -148.64475900768556]
HA.NY [-144.31980656148687, -143.71105950266335, -142.05828707830105, -141.85332707830105, -142.53944708343025, -142.54073531872436, -142.4936294363714, -143.14661724281038, -146.3913323679319, -147.70858825990086, -149.23951178931262, -152.2264681218472, -154.7040598140042]
HA.PDS [-127.40555248829743, -124.32604623829744, -132.21941996626902, -134.25585632990538, -136.19792299657203, -136.21657451172354, -136.57561693596597, -136.40159923088004, -137.75834574250794, -140.8218201611126, -142.47649923088005, -145.27948992855448, -155.85210853320564]
HA.SHS [-136.1321178124878, -137.94444245844167, -138.16012023621946, -138.4374646806639, -139.90370912510835, -142.59695402892672, -142.65817902892672, -142.26365402892674, -139.5527181813356, -140.94285402892672, -139.82385402892675, -139.2225739626901, -142.97051396269006]
HA.XX [-141.45128428200331, -142.60136155473054, -143.39907973654874, -143.8596024638215, -144.82275700927607, -144.95485246382148, -145.05261610018513, -145.58644231729875, -145.4510673172987, -145.50820283898855, -146.0556073844431, -145.73596192989766, -150.11972741852176]
HA.XY [-147.47494058454697, -149.92796366147005, -148.62696366147, -147.5841944307008, -146.54899443070082, -146.94788673839312, -147.8411867383931, -148.63405596916232, -150.12916366147005, -151.25391750762387, -152.17944827685463, -154.5937852781562, -157.2890021230085]
HA.ZMD [-151.46629345439646, -151.7737525453055, -152.3962025453055, -153.0292570907601, -155.2358131120216, -155.78249038474885, -156.12690402111252, -156.349449475658, -156.55418129383978, -156.94994947565792, -157.0674449302034, -158.5165903847488, -162.43324038474887]
HB.DWU [-163.5204484073973, -166.64672568012455, -168.24646658921546, -169.0399893164882, -169.74612113467, -170.11886204376097, -172.88952113467002, -173.69002113467002, -175.22377113467005, -177.45834386194272, -178.94319386194272, -182.75320818672495, -186.4562647084641]
HB.ENS [-143.7790226160272, -144.1172625636889, -144.1165520373731, -144.60854151105733, -147.1397953432999, -148.40477716148177, -149.43364079784538, -149.94061352511812, -149.7991317069363, -149.56634988875447, -150.6954560401989, -152.43420604019892, -158.55106150013438]
HB.FXI [-158.10886321335238, -160.44395451770018, -161.24303277856973, -161.63480269302406, -163.7644042550864, -164.4444633459955, -164.51821973509146, -165.62320500375418, -166.54729591284507, -165.96263607326821, -167.36162243690458, -169.29554061872275, -172.7486504582996]
HB.JME [-141.42371434946244, -142.29304245813807, -140.492790284225, -140.8058989798772, -144.6841683832364, -145.0566929610269, -145.1389320914617, -145.5953886132008, -146.70241904798343, -147.4384842653747, -148.6991538305921, -148.8959538305921, -154.25555989060618]
HB.SYA [-150.97937398624623, -149.48750121871439, -151.7938910971334, -150.8343935076198, -151.59543198794523, -151.11400087129704, -150.69020891102213, -150.67754869738403, -152.5190650101769, -153.05471660332984, -152.2243954449595, -153.86365290548594, -160.47286671618278]
HB.SZH [-151.85000815486669, -151.3520907635623, -150.72034293747538, -150.8034168505188, -153.31323484037532, -153.60528099422146, -153.92496116724254, -154.34862203680768, -154.85601768898164, -154.32207330191375, -156.54448290637293, -158.2913867554425, -161.11067886238504]
HB.WHN [-131.01192651444813, -131.7850612970568, -131.35426565715088, -130.9758565662418, -132.494450839909, -132.46133417324234, -132.31063417324236, -131.84353417324235, -131.55328417324233, -132.80713417324236, -134.72272504203838, -136.82608425576737, -142.1380175065757]
HB.XFA [-146.63491661466745, -144.80577450940427, -143.71510082519376, -143.4525745094043, -143.78463086669166, -144.6738481936148, -145.90641135150958, -147.53719029887796, -149.91772164135932, -149.18199990222888, -149.3761259891854, -146.8398372452861, -152.95022854963392]
HB.XNI [-147.32203209837047, -147.97276289914694, -150.15791209837045, -152.45909209837046, -156.59669209837048, -156.7885720983705, -157.32585209837046, -157.3049320983705, -157.89790500441006, -157.31241026756797, -157.3971662006194, -160.71331835503273, -162.20710793136948]
HB.YCH [-139.5313175252192, -139.07204121240497, -143.55995194473095, -142.55571577451815, -143.50482002983733, -144.65029875324157, -139.20234041294083, -141.0783907287024, -140.29136864324494, -133.70391136042426, -141.91825226716395, -146.39922149793318, -156.38839809091826]
HB.YNX [-146.87701606835026, -147.4973398114785, -149.20861023401366, -149.1820095317608, -150.32291516556367, -150.39136113877282, -150.45268590447293, -150.2155056227828, -151.3370793035627, -152.35224271819683, -153.27343784014803, -155.68490873123108, -158.41883417885572]
HE.CHD [-150.2321950356632, -147.64947673870648, -144.4773801510039, -143.63437580317782, -145.48716710752564, -146.3366105857865, -146.70718884665604, -146.66668449882997, -147.81112561259977, -151.23491336206953, -151.07207857946082, -153.39713510119995, -152.1909941300108]
HE.CLI [-149.81679428173214, -146.51821974537847, -145.54389864892008, -145.36526821413744, -147.89553777935484, -148.6993334315288, -149.0943508228331, -149.22977690978965, -149.4470551706592, -150.03152473587662, -149.80936386631137, -149.48781169239834, -152.34656386631139]
HE.HNS [-149.45822777051936, -150.22087124878018, -150.72739733573675, -150.92386690095412, -151.61212829453802, -151.44779785975544, -150.96065438149458, -150.16376307714677, -148.40603931361437, -147.91177037564435, -151.61794822168235, -153.5125438738563, -156.6473833506054]
HE.QIX [-139.74918476747933, -140.63442944483864, -139.33236598217226, -139.47756598217225, -147.62817642053722, -147.7768636545798, -146.15958280351595, -146.00753173968621, -146.07898067585637, -150.13399344181386, -149.99622535670744, -151.3472466333032, -159.94856578223937]
HE.YIX [-134.68724744721894, -141.7621335485345, -141.8187079568132, -141.62398186985666, -141.31049269257588, -141.6564573419557, -141.382122559347, -140.9338747332601, -138.3915402617416, -139.55881443170634, -142.75597095344548, -148.587400050995, -153.4354750443503]
HE.YUS [-145.31470764210025, -145.07692503340465, -143.22808424984765, -142.1637581628911, -144.93387466162028, -146.43819640075074, -147.6149311833594, -148.0366355311855, -148.70439205292462, -151.2134703137942, -154.39110509640292, -155.5871398790116, -157.59721379205507]
HE.ZJK [-152.318558404767, -147.32183596855398, -146.10509249029312, -145.84979997855393, -145.47768379464094, -145.83629683811918, -145.9830924902931, -145.97534466420618, -145.0817620555105, -143.9429909545123, -143.29202941605078, -143.75469083375074, -149.24479826424533]
HI.BSH [-154.865829186372, -150.69450309941547, -151.73209286815904, -153.6235606217772, -156.49690743028782, -157.750541472841, -158.21765211113888, -158.5965095579474, -159.09891168560694, -159.0703733877346, -158.48254817987305, -163.6377003537861, -162.411226579224]
HI.CHM [-145.88182627569842, -142.76631089108304, -142.10355081054414, -143.7574602375812, -150.27085081054412, -152.03846058019212, -153.79774318888772, -155.36767362367036, -156.9263997106269, -159.61367338458638, -161.42778642806462, -163.05895599328198, -168.45880208791792]
HI.DAN [-144.4410209096702, -146.78538839436763, -148.7777101334981, -149.44530683704696, -152.01956162445555, -152.81118771141206, -152.5265339151014, -152.8356947846666, -153.1466853528042, -151.3423223591761, -150.08589205923812, -148.09270510271642, -159.70245971709227]
HI.HSK [-135.1293856087265, -137.59804989444078, -140.14478560872652, -141.50214275158365, -145.34288560872648, -146.57694275158366, -147.83849989444082, -149.07868560872652, -151.36367846586936, -154.41840703729795, -156.16256418015507, -158.0317141801551, -161.67342846586936]
HI.LIG [-156.1165416750938, -154.43880254465904, -155.59930596335832, -155.91358422422786, -156.7027798764018, -156.38393205031483, -156.1825320503148, -154.9775155881373, -153.91626776205032, -154.29667388660295, -152.90588693008118, -148.88509562573338, -144.02643829840264]
HI.LSH [-152.795296163513, -150.73591420564046, -149.4980489882491, -149.47094464042303, -151.37917942303176, -151.93399246651, -152.47880116216217, -153.17552724911872, -154.0921620317274, -156.52459616351305, -157.19406138090434, -159.42105449526164, -157.3616815332398]
HI.NAD [-145.04256737650206, -137.1540534694578, -137.7098326822878, -138.94307947056657, -142.81576257246704, -144.4348799637714, -146.10076692029313, -147.00483648551054, -148.2168022475052, -152.38389310835925, -153.933484412707, -157.0311278909679, -158.9377194296326]
HI.QZN [-148.08859078898394, -146.17941687594046, -144.7320777455057, -144.81256679168578, -147.60748042804946, -148.78698497350402, -150.2583632876611, -151.66222237857016, -153.85012692402472, -155.83616035420133, -158.07538644115786, -159.52823861507093, -164.12420838534226]
HI.SAY [-147.68062416986385, -140.6936832430126, -140.9025339845312, -142.60868017110445, -148.87953706711914, -150.0834588062496, -154.13899628649085, -155.14187454736043, -154.96737454736044, -153.33740302524973, -156.22541606872795, -157.6096898959339, -152.1256986558278]
HI.WZS [-153.41898229030903, -153.35018229030902, -153.57056055117857, -153.80639098596123, -155.21228271680724, -156.57217359465682, -157.32484750770035, -157.5786257685699, -158.21838271680727, -159.1742756689863, -160.23294385080445, -161.80141203262266, -161.3212602783818]
HI.XSA [-123.33893379315997, -123.93479063526524, -126.99917168789682, -126.50122853000211, -126.9714485300021, -127.94425274052844, -128.95646221421265, -129.18618642473896, -132.31790958263372, -133.71998020557695, -135.97976716209868, -137.40204542296826, -133.24368289646267]
HL.HEG [-148.0287859376143, -149.63690767674467, -151.22753376370122, -151.91918111572454, -154.92453371276855, -155.16077284320332, -154.8522250171164, -154.33260762581202, -153.43623371276854, -149.03102066929029, -148.07231589833322, -153.44342072022297, -155.51355550283162]
HL.HEH [-135.06575530374406, -137.84769008635274, -138.7332926925936, -139.06254951760388, -146.61405799540327, -147.43733625627286, -147.8920101693163, -149.95954412136138, -150.78192238223093, -152.49692238223093, -152.975874556144, -152.10613542570917, -155.10777455614397]
HL.JGD [-146.7286877332472, -149.63670444892216, -152.24098190874312, -153.95766882977213, -155.66875744634532, -156.50770962025834, -159.456671875093, -159.22316609186424, -159.10140708083603, -159.1057036110339, -160.762755784947, -160.05860361103393, -164.37837017383148]
HL.JMS [-147.260622081356, -148.06900469005166, -147.39007425526898, -147.24514382048636, -149.41021338570377, -150.01203077700816, -150.9662264291821, -151.5662786030951, -153.05530903787772, -154.18272642918205, -154.9491829509212, -156.36275251613853, -158.0286003422255]
HL.MDJ [-152.44548788017997, -152.14387483670174, -152.78397345936182, -151.86460389414438, -145.42887904675248, -144.75086600327415, -143.84441382936112, -142.88350513370895, -143.21520154465753, -146.42307980552712, -147.70722328378795, -147.98056241422276, -152.1792884414023]
HL.QTH [-135.84628010044614, -133.06756674151407, -134.61101142236515, -136.03875120665782, -143.48895184789706, -143.37149652874808, -139.58158376279067, -139.60499652874813, -139.8848475925779, -146.59986461385452, -147.76031993300344, -149.98519652874813, -153.6906191741889]
HL.SYS [-143.23596298840815, -143.62890211884292, -146.52695289525104, -150.12495529276669, -144.0998716840603, -142.7114325536255, -141.35582385797335, -140.99668907536463, -144.07582568808084, -148.80063422399618, -154.676343480931, -153.24216522006145, -149.5773686432449]
HL.WAK [-138.47002392595763, -141.19608546441916, -143.77427468410983, -149.04498218210816, -148.529697495544, -149.47488010423965, -150.7695461469103, -151.44344179908418, -156.31013971143844, -157.1822220643796, -153.49863546538555, -156.44707366238885, -155.2427900108401]
HL.YCH [-154.90012130381902, -155.94162130381903, -156.59667782555815, -156.68058217338424, -158.24212565164513, -158.5230386951234, -158.919121303819, -158.43196043425382, -157.71511260816683, -163.75651822399038, -163.9556262318559, -165.2438871014211, -169.65920449272545]
HN.CNS [-139.43418891956628, -140.52659674458872, -140.87191658150175, -139.41977310324086, -139.1891247619135, -140.4136687554148, -142.31209484237132, -143.30755571193654, -144.46947171906388, -144.02733832063217, -144.2436904945452, -144.14352092932782, -145.86954128428124]
HN.HEY [-146.16485710632801, -146.13842377299468, -146.1575332968042, -145.7220094872804, -146.3942332968042, -147.46976186823275, -148.65069996347086, -149.39716663013752, -150.02197615394707, -150.5828237729947, -151.23141424918518, -151.96085234442322, -157.03194783965614]
HN.HOJ [-157.4579332945479, -153.63530829454788, -151.71788329454787, -152.02573329454788, -156.63508329454788, -157.83140829454788, -160.15427243424918, -159.23970829454788, -158.55748329454786, -159.4286582945479, -159.8061832945479, -161.99183000616893, -167.30655000616898]
HN.JIS [-142.97331785818744, -142.0243154492936, -141.17264153625013, -141.4135862792401, -143.56704417397694, -144.61153891081904, -145.20400206871378, -145.73049154239797, -146.59873364766113, -149.35259154239802, -151.13891259502955, -154.435338910819, -161.8825077506044]
HN.LIY [-154.1295883990899, -154.6235405730029, -154.71114057300295, -155.00708839908987, -156.65301883387247, -156.7193536164812, -156.6710970947421, -157.05703622517683, -157.83918839908986, -159.2232623121334, -160.16469709474205, -159.53153187735077, -162.92979274691598]
HN.MIL [-139.3864315941493, -138.15024045112, -139.06741964740513, -140.66549790827472, -141.51245483701126, -141.14568527179387, -141.13489831527212, -141.73094077527188, -141.87218921262254, -139.35768092396776, -139.73173309788083, -142.95592973476494, -150.613693967446]
HN.NIX [-161.53509485268452, -162.16222528746712, -162.73006007007584, -162.98456007007582, -163.70216441790186, -163.93341659181493, -164.16742963529322, -164.40189920051066, -164.85839920051058, -165.58209485268452, -166.08901659181493, -168.9504440685732, -175.69215987507224]
HN.SHY [-138.11457280023495, -137.38676152981367, -138.52336152981366, -142.75383511053332, -145.07504047718209, -146.71447205612947, -147.65302995086628, -154.0807544089713, -156.8286500611452, -159.16270658288434, -159.55519353940605, -157.17696776680629, -159.1152870575985]
HN.TAY [-142.35208186918052, -144.70810434779196, -144.40718260866151, -144.86901304344408, -144.11866109525533, -144.8585193520007, -144.6663693520007, -143.79387285000888, -148.5517511701825, -146.9111193520007, -143.66583298836434, -144.97592389745523, -147.1818304347485]
HN.YIY [-147.4073880405456, -145.5861080405456, -146.14443470721224, -149.51118804054562, -150.46946137387894, -150.5937080405456, -151.05279470721226, -151.78181470721225, -153.5725280405456, -153.75512137387892, -157.68697604986093, -158.26063716097204, -161.37752137387895]
HN.YOZ [-154.382438044803, -152.51968804480302, -147.236939961013, -148.1587732943463, -154.653388044803, -155.47163804480297, -156.61906304480297, -158.88938804480298, -159.33193804480297, -155.797388044803, -154.20560714125662, -158.63772888038707, -167.91002453256098]
HN.ZJJ [-171.93842047169898, -172.07131277939126, -171.74325380503234, -172.16931277939128, -175.64031534349382, -177.37195893323747, -178.98731021528874, -180.04793842041695, -181.40825380503233, -183.5514205691627, -184.69100541764755, -186.93865390249601, -190.06569026613235]
JL.CN2 [-144.7582034643849, -142.82822164620308, -141.95774627360453, -141.46435062143058, -142.69420279534367, -143.2519462736045, -143.6859940996915, -144.57676801273496, -145.2774114909958, -147.06365496925667, -147.52105931708277, -148.46865496925668, -153.82146366490886]
JL.FMT [-142.09115257376828, -144.08064727336276, -142.61982118640628, -142.92140814292802, -144.6574037951019, -144.86186901249323, -143.8529777081454, -143.05377770814542, -143.13132647776771, -144.46620409580538, -144.5670432262402, -148.8614475740663, -156.55010504198142]
JL.LYT [-145.21794527164005, -144.62890614120525, -142.65166266294437, -143.23311678358849, -142.77390179337917, -146.77184811547951, -145.7220176806969, -144.66933507200122, -145.14659185033554, -145.81525524073746, -146.7716006952829, -151.54832796801017, -158.31224343364667]
JL.SPT [-153.97525684387688, -155.93421366054997, -154.0932919214195, -153.74900931272387, -154.85212235620213, -155.09485279098473, -155.28214844315863, -155.13884409533256, -154.79458757359345, -154.75013974750647, -154.05317018228908, -153.15164409533256, -157.44490061707174]
JL.THT [-147.9159987542332, -147.99228136292882, -148.335190058581, -149.78510092814622, -151.1434596237984, -146.4771000649578, -147.0766478910448, -147.92904433087332, -147.78835749057356, -152.74595955833422, -153.1964552105081, -151.65184216702986, -157.54366831945057]
JL.YFT [-150.03503120754752, -148.30348120754755, -147.95692495754756, -147.65578745754752, -148.2398050403806, -153.48036491862376, -154.4210760297349, -154.9066260297349, -156.44398158529043, -159.2172260297349, -160.6764760297349, -162.7157482519571, -165.1576038075127]
JL.YNB [-149.53416965855138, -151.30958270202962, -151.64947400637743, -151.82956965855138, -153.41103052811656, -154.15006531072527, -155.1870087889861, -156.286252267247, -157.28093487594268, -157.71091748463832, -158.1634131368122, -159.59647835420353, -162.82263922376876]
JS.HUA [-181.51972298794476, -181.7099174093064, -180.47809823699242, -180.53248385750993, -182.29180001800205, -183.02028385750998, -183.6305664662056, -184.017936031423, -185.55115653974119, -185.24392298794479, -184.0681621183795, -184.05595777055348, -185.95254907490124]
JS.LH [-133.8803153156177, -133.257332706922, -133.90164575040026, -135.9591457504003, -138.82565444605245, -140.0140414025742, -142.21655879387856, -143.4513761851829, -145.47998922866117, -146.08389785320642, -147.01619785320636, -148.38356314170466, -152.72015009822636]
JS.LYG [-138.13375493192245, -138.15589643536023, -140.27582252231673, -142.8578630106432, -145.4850921409298, -145.88002692353845, -145.5866857379159, -144.99024482882498, -144.66879701665644, -149.2682517191487, -146.84239082884676, -142.7392539197341, -144.44180571230862]
JS.LY [-148.5895317452402, -149.95545348437062, -151.16637957132716, -152.92364478871843, -154.04227087567497, -153.9140273974141, -154.2567013104576, -153.81737087567498, -152.5266969626315, -149.7909056582837, -148.91530131045758, -148.24364478871846, -151.96185783219673]
JS.NT [-145.133570542058, -145.9102401072754, -145.20021836814493, -145.09830097684062, -145.99528793336236, -145.06634142878497, -145.1377066461762, -145.1031849070458, -147.5527085541763, -148.1674360801402, -147.65475146218776, -145.26390564535757, -144.25037955840105]
JS.SY [-133.37961448703763, -134.56187970442895, -139.9602032207803, -141.56479617322657, -144.9134461732266, -146.04725071868114, -146.24812344595387, -146.47478253686296, -145.0239052641357, -143.98601890049935, -145.3394643550448, -142.55893708231747, -139.30401505843489]
JX.GAZ [-139.6542875219781, -141.07414884012638, -139.90085318795244, -140.21165753577856, -143.03040041966983, -142.76070618048544, -144.5471440007497, -145.02930921814104, -145.51033530509756, -145.10111791379322, -146.66850052248884, -147.47386578284767, -154.36267492708288]
JX.JDZ [-152.26343572984965, -151.47554531514947, -149.0707376361637, -151.53797610138153, -152.62545503171128, -152.64341155345042, -152.9966999677496, -153.13865214166267, -153.1187271834148, -153.12457159991672, -152.96454551296017, -154.52134551296018, -159.21918464339495]
JX.JIA [-143.5828598897097, -143.739592538684, -146.5070699075364, -146.83902327042594, -147.1963710965129, -146.61287109651292, -143.382275444339, -141.96865370520857, -140.30404065599558, -139.45150587338685, -139.34827109651295, -139.17036423753578, -146.82835370520857]
JX.JIJ [-148.908574431112, -147.83919324663051, -147.5333975944566, -149.2875222571989, -149.3838672448522, -149.70472811441738, -150.29099333180872, -150.0993919732654, -145.67352675587406, -143.73680936456972, -139.61950486589458, -141.41593572210815, -150.56589617024238]
JX.JIX [-137.86258584429373, -139.01981084429374, -140.53560459429372, -141.39158584429373, -143.93550459429372, -143.88500459429372, -144.16156709429373, -152.22645799347058, -146.68053235526662, -148.47192527854662, -149.56103832202487, -152.0173510831991, -156.63656875680746]
JX.NNC [-143.75747409065914, -144.75058520177024, -144.3793892020351, -144.00460186843694, -133.93420593273294, -133.2554269853645, -132.58174014325922, -132.2228954064171, -139.48059631288135, -139.1267267020351, -140.83794695359484, -143.0054642020351, -148.2615892020351]
JX.SHR [-138.36770514557702, -134.12102787284977, -132.86825312630663, -134.7895576717612, -137.08287332739522, -137.7802642364861, -138.09581423648612, -138.72179605466792, -141.49866369915688, -142.70448241830428, -144.556855145577, -144.56704605466794, -150.7535142364861]
JX.YIC [-149.67201784822473, -150.79141784822474, -151.2877178482247, -151.15826812647038, -149.8671829383643, -147.97702526932753, -147.2678395550418, -146.4345014598037, -151.17567227139483, -144.88887022917712, -150.03427227139483, -149.3980436999663, -152.04738748381885]
LN.ANS [-130.35401245257037, -129.73020142860386, -132.0454568684845, -134.83195252065843, -134.229326088934, -135.14167500652223, -133.39570034674534, -135.29133530795573, -133.78863618019014, -136.8102821403114, -138.76272949278513, -134.09262154347948, -138.28672208587585]
LN.BXI [-137.85903696979517, -138.24677314000795, -142.5152819671188, -143.75526920116133, -144.5759479245656, -143.87350962669322, -144.00379228894408, -141.36686037405048, -141.9182561187313, -146.9495731400079, -146.38563484213554, -146.64339654426323, -154.18687739532706]
LN.CHY [-150.05774557173075, -150.9966087296255, -150.61942451909917, -150.00061399278337, -149.0987087296255, -148.94855083488864, -148.43528241383603, -147.62769719738466, -145.74167179850105, -146.39579353763148, -147.91287973891173, -148.3487319128248, -154.57206312166602]
LN.DDO [-145.8919525336401, -140.8787067053854, -140.1407326038287, -140.4649454620817, -140.05998038250874, -140.41343355781817, -143.40285609886644, -143.82412566408382, -144.6266850012975, -144.60188252613887, -147.91422847955835, -149.90084339570404, -155.91255018364632]
LN.DL2 [-135.88513576658863, -135.6705748970234, -134.80910350474704, -134.27428042782398, -133.94454196628553, -134.32632658167014, -134.88564965859322, -135.18357273551626, -135.19828359267564, -138.4525589813344, -140.50425702198777, -141.54842707093647, -146.0049570219878]
LN.FXI [-138.7733969783514, -139.54872995357587, -142.0572734318367, -142.7972491522644, -148.2865212579237, -148.90026473618457, -143.72674627494965, -149.0092516927063, -148.56972995357586, -151.03499517096716, -151.91859517096714, -149.62425604053237, -150.73126558576863]
LN.GAX [-153.96486682832645, -154.2132349134328, -150.01349257146617, -150.6210403975531, -152.48192318998724, -152.5225188421612, -151.57700561494445, -152.12926213668354, -151.51430561494442, -151.48080579868292, -151.45612753781333, -150.6666154259896, -150.2826349879085]
LN.JZH [-142.852752330263, -140.15117754154136, -141.39076884588917, -140.41010688432382, -140.93505145105897, -143.81478961150168, -145.80777222019734, -146.39389395932776, -146.74381569845818, -147.44326787237128, -149.0249417854147, -148.59936787237123, -155.68804178541473]
LN.LHT [-115.34271631535997, -114.92754488678851, -114.59582583916948, -113.50781987246485, -118.35977371086153, -120.76963734722514, -123.42476461995244, -124.18096007449788, -122.13945552904335, -122.49256007449787, -126.59995098358874, -130.5875590713226, -138.43717252883158]
LN.LYN [-147.377955922835, -150.52543963716857, -152.96241244457414, -150.5969298358785, -150.0090048545599, -149.73539398499466, -149.78448963716858, -148.4590396371686, -146.40008746325555, -146.82743963716857, -148.7981265936903, -149.4167809415164, -154.47653094151642]
LN.SHS [-143.51424955725707, -140.58526922527045, -137.53877162370836, -137.10331204924026, -138.95979366971488, -139.28834033638157, -140.24166478082603, -139.66958478082597, -139.00385811415933, -141.5405825586038, -143.62281589193714, -145.1032314474927, -153.1501314474927]
LN.SNY [-150.20228177846766, -144.97433248159294, -142.87656424256448, -142.04233090923114, -141.9403642425645, -142.54557090923115, -142.7071909092312, -143.6258381879506, -145.28939533080774, -147.92014533080774, -148.52138104509348, -146.4831087207788, -154.80475088361382]
LN.TIL [-151.03491677312664, -150.37704051223025, -150.86808833831722, -151.20855355570853, -152.3940100774477, -152.13191007744769, -151.73431007744767, -151.81878833831723, -149.41558948793784, -152.3084231209259, -153.2695231209259, -154.51956225136072, -155.67958833831722]
NM.AGL [-150.4936192551143, -150.7399108120194, -152.24350211636718, -152.37908384746947, -154.89755702198124, -156.07375429028022, -156.3973586381063, -156.38917602941066, -155.9869325511498, -154.15077602941068, -152.72455429028025, -154.10107478261727, -153.10343093502473]
NM.BTO [-159.10571530770966, -155.75065443814444, -155.72404391347393, -155.1281221743435, -150.54160307596092, -154.7744958008059, -153.74612188776246, -152.8791697138494, -152.73368275732764, -153.00970478303915, -151.8399526091261, -149.90775232254506, -152.69341782651742]
NM.BYT [-155.75492844451918, -154.1856178062213, -151.75585397643408, -151.1070135509022, -152.098909295583, -152.8716837636681, -152.84448589132768, -152.1310624870724, -149.077409295583, -146.34397099771064, -139.84344444343463, -137.87612601057194, -143.5965260632634]
NM.CHF [-141.4137401668413, -134.52290356142123, -128.95568062459992, -128.37209242912036, -131.03654895085947, -131.88935764651166, -131.21937068998992, -130.9674706899899, -131.96310236373037, -135.14480982042465, -134.15767068998989, -135.20660547259857, -141.49229677694643]
NM.DSH [-121.60583987693812, -120.27107624057452, -121.89771260421084, -127.54650805875629, -134.0040898769381, -136.6960262405745, -139.4064853314836, -141.03268987693818, -144.59259544264697, -145.83123457308176, -146.85292587742958, -143.48459979047306, -142.17054761656004]
NM.DSM [-151.25737172000566, -143.9759870733263, -142.25957168871093, -142.20855630409554, -144.09837168871096, -144.50923322717244, -144.74624091948016, -144.23104605514064, -145.83808083774935, -146.83133322717248, -152.14534528042552, -150.37099982588006, -155.8205607953877]
NM.HLG [-153.15454292604394, -152.03260006890108, -150.84522864032965, -150.04952387842488, -149.88318102128204, -150.58390483080584, -150.41677149747252, -149.96056673556774, -149.59522864032965, -150.56071911652012, -149.6100572117582, -148.73670006890106, -157.1432000689011]
NM.HLR [-147.50442851275128, -146.44268352726317, -146.10582838892324, -146.07915111619596, -147.79325309248054, -147.1080183590597, -147.23034009819014, -146.84844009819014, -146.00783575036405, -142.12410647959382, -145.36047679619645, -146.79719164387825, -152.2968637527182]
NM.JIN [-144.72420042777813, -144.2976074700316, -142.9956018362288, -141.53173866469618, -140.5582398643978, -140.5494835263696, -140.32645817425694, -139.09228334554723, -137.8341280263983, -139.44541810982318, -139.748561588084, -139.1940515642573, -149.1774591340153]
NM.WLT [-137.88713211065428, -132.79639259800598, -137.53811145462817, -135.95778536767165, -130.92776983178595, -129.45421218261748, -129.09046435653053, -128.88017740000876, -128.02594156094426, -126.66476928355517, -126.79600406616387, -138.05661465441116, -147.58029291528075]
NM.WUH [-150.6105911438336, -152.457162882964, -153.08323027426832, -152.2109520133988, -151.8746911438336, -152.11247592644227, -152.06621288296398, -151.90571940470315, -151.19165636122486, -151.79346505687704, -152.84912592644227, -153.21899983948572, -155.48213244818143]
NM.XLT [-152.27604750862702, -148.68582142167048, -149.00694312062524, -148.82011703366868, -148.67526004351723, -149.1228339565607, -148.138799173952, -146.1667122174303, -144.30815134786508, -147.4584078696042, -153.751734424973, -149.11349917395202, -152.04194700003902]
QH.DAW [-131.0118044391311, -132.6222089798532, -132.27312297953222, -132.20224471866263, -132.8980348739137, -133.89313922173977, -134.565000091305, -137.04834755962585, -137.7024229795322, -140.4987881969235, -143.9994690016062, -147.80653425883628, -157.8031291559505]
QH.DLH [-134.76879136922796, -132.70358291907036, -133.02283746452488, -134.5707965047864, -136.5846095482646, -137.44911389609072, -135.34105737435155, -132.42480564634312, -133.72782182945465, -137.8767826571814, -140.0442446290124, -143.53512913605468, -147.99834537946046]
QH.HUY [-139.4017145089122, -138.52711450891218, -142.79109560048, -144.05112893381335, -149.45919560047997, -150.5552289338133, -151.92119560048002, -153.19149560047998, -153.79866226714665, -155.834604026118, -156.18552893381332, -157.2202237394318, -161.92112893381332]
QH.LED [-152.34920435887906, -152.65405066628134, -151.1187202314987, -150.21925066628137, -148.19554631845526, -147.79674330446534, -147.80517808707404, -147.447630260987, -149.17277685657976, -151.112689900058, -151.04247250875366, -155.32975511744934, -167.9930602604916]
QH.LEH [-152.2231502557028, -148.88436632304573, -150.93407067087182, -157.297367028473, -153.72897424211396, -154.85698371435004, -155.3467242158458, -155.92990682454146, -157.12308296658833, -159.45238796658833, -160.50401296658833, -158.16158296658833, -162.70228296658834]
QH.QIL [-149.0950959777614, -151.69376966198183, -149.93934444404672, -156.6180488302453, -159.81504966198187, -161.0710896619819, -162.2795446619819, -163.51612466198182, -165.97847966198182, -166.24479466198187, -166.63700966198186, -163.33562444404672, -172.27775359215008]
QH.TOR [-137.66590539417322, -138.8489900095578, -139.4371207787886, -139.54637462494244, -141.2799130864809, -142.66408231725012, -143.94415154801936, -143.74444385571167, -141.44466693263473, -138.2631130864809, -137.15031308648088, -136.44016199334413, -152.66541841631684]
QH.XIN [-133.78941669268383, -129.05612538833597, -125.53029269713474, -124.90551878409131, -125.77019041543484, -126.57129911108703, -127.39647737195658, -129.00484064666549, -130.05475803796986, -131.46145803796986, -130.48571455970898, -129.1061406466655, -137.06254095347003]
QH.YUS [-142.69483939337638, -143.97560914250113, -144.20101683480883, -145.6892014501934, -148.27880145019344, -149.29977068096267, -150.46993991173187, -151.26143221942422, -152.23937068096268, -152.97649375788572, -152.21140145019342, -155.34490145019348, -165.10740914250113]
SC.AXI [-135.94713529824352, -137.8381381553864, -141.0362504620273, -142.62765777910047, -144.85924070592975, -146.44618948641755, -148.9070267268149, -150.23166386967208, -153.71592093671936, -155.5136404489145, -152.99599815538636, -157.4223867903779, -161.91410386354866]
SC.AYU [-143.66919471793435, -142.16852785515565, -143.64971757507723, -144.9768947179344, -145.73731535515566, -145.98819035515567, -145.59082557859153, -145.07030125426724, -153.30307043502054, -154.02039424454438, -154.06314186359197, -155.14802757787768, -161.0872326601804]
SC.BZH [-151.77694144371577, -150.95783725998496, -151.17116033690806, -152.05367780735216, -153.11322023159462, -152.83629598917037, -153.00372629220067, -152.95493841341278, -152.03208083765523, -159.9467182462795, -160.67978103697715, -160.45178103697717, -156.94506066780897]
SC.CXI [-150.68699660384678, -149.22881660384678, -147.618253618529, -145.975776713088, -146.69294692585396, -147.89921288330078, -148.03399373436457, -148.7417171386199, -148.84264692585396, -150.67624940481508, -154.48803460917796, -156.13467290705032, -157.73823203223697]
SC.GZA [-136.62763750839667, -135.48852417506333, -135.33847528617449, -135.75665084173, -138.55858639728555, -138.67031084173, -139.19591306395222, -139.96250417506337, -142.46885750839667, -144.9309170092614, -144.26520397435647, -148.65104620915108, -156.7782378639974]
SC.HWS [-150.47843198208963, -150.61142965650822, -151.88528314488036, -152.1315110518571, -151.33333663325243, -150.58422035418263, -149.53678907276307, -148.72194517032403, -148.75428663373867, -151.0910280971533, -150.5325366332524, -155.46744314552845, -157.15346604797313]
SC.HYS [-146.09457886579668, -144.26461219913003, -142.66467886579667, -142.32414553246335, -146.75044553246335, -149.30337886579665, -150.61507886579668, -151.08164553246334, -152.71547886579665, -154.42604553246335, -156.31554553246335, -154.19004553246336, -162.48294553246333]
SC.JJS [-148.5278524411006, -148.9526067268149, -147.7614010125292, -146.91666101252923, -146.7086352982435, -146.94998386967208, -147.20928672681492, -146.53593244110067, -145.4353065279465, -146.7651042907284, -148.35443219770517, -150.65718160096432, -153.35254968607072]
SC.JYA [-149.41123495731762, -147.769114027085, -146.5927791433641, -147.95471509022744, -147.56896270927507, -147.65850080451315, -147.53422461403696, -145.0008570650489, -145.17233913058908, -144.72302217053837, -149.65770424686818, -151.77836238640305, -152.5236809910542]
SC.LBO [-142.15878925557297, -139.883433936424, -138.10990414918996, -137.76132968110483, -139.17845308536016, -139.5400764896155, -140.0643828725942, -140.5924169151474, -142.30806372365805, -146.01967436195588, -148.2245743619559, -153.94825521301976, -158.53324569886]
SC.LZH [-134.07502146629702, -133.45232517000073, -141.95471776259333, -142.9312992440748, -144.06562517000077, -143.84434739222294, -143.37915109592666, -142.8825918366674, -141.36691035518595, -142.71598442926, -144.3719881329637, -144.2823556102058, -149.84060962326905]
SC.MDS [-156.34830252846044, -154.67033714384505, -151.6856832976912, -146.46049440570678, -144.15424300628965, -144.06049178677745, -144.31229422580185, -150.20969483615275, -147.86565782034097, -148.20657977156048, -149.52561635692632, -154.16077831546616, -155.06270534249322]
SC.MEK [-148.08510875737747, -145.30190059372734, -145.12218916515593, -146.16342410295795, -148.20997487944163, -148.4345577365845, -149.09356345087025, -149.41056916515592, -150.57419202229877, -152.8536320222988, -153.71821487944163, -161.51290318195896, -167.0903308412778]
SC.PZH [-141.87681288343944, -141.31652990471605, -142.20565756429053, -143.4042256493969, -145.00817671322667, -145.76789373450328, -145.13675118131178, -145.7328618196097, -146.43099798982246, -148.8347682025884, -150.09622990471604, -151.4259682025884, -155.5656192664182]
SC.XCO [-144.76614440004792, -143.57402193041383, -143.19778322073643, -143.11433483363965, -144.08173483363964, -143.92199612396223, -143.51137354331706, -141.9020154788009, -141.64816064009122, -146.58225096267188, -146.5699541884783, -145.74625418847836, -154.3810574142848]
SC.XHA [-142.06382639431516, -142.5223634313522, -142.85406343135216, -142.99659676468553, -143.76367578059595, -144.88842466948486, -147.23422532077652, -147.715756749348, -148.7109596064908, -150.02198817791938, -156.6543151293647, -157.98869598042856, -156.89374079343366]
SC.YGD [-139.6383158566877, -141.27285299954488, -142.78860728525916, -143.23139014240203, -145.4068987138306, -145.70135299954487, -145.9439758566877, -146.160950142402, -146.8399444281163, -147.2464987138306, -147.54351530524016, -148.43062381587842, -150.1394174328997]
SC.YYC [-142.59821069644735, -141.45933448000946, -141.4386461079164, -141.6972576656632, -142.49802492153157, -143.21249236339202, -143.3404318982757, -142.85735980525249, -142.13333887501992, -143.69919533109965, -143.8344549055677, -143.87398682046134, -148.21662104368377]
SC.ZJG [-152.22657685030944, -150.04388897152157, -148.59945563818823, -148.6747768503094, -148.7876829109155, -148.68821927455184, -148.7143556381882, -148.7217495775822, -147.33100715333973, -146.8155010927337, -147.79769806243067, -147.99094654727915, -153.32585563818822]
SD.ANQ [-162.0561946660471, -162.52531297590625, -162.52860452520207, -162.7930312857654, -164.62838480689217, -165.7609707223851, -166.99806368013162, -167.07391720125835, -165.54757776463862, -164.1705538209767, -162.38028058154003, -162.05713832801897, -171.03600875055415]
SD.DSD [-140.75176650717765, -142.6964925759919, -144.3254969419603, -145.4592012897864, -146.84253607239506, -155.97272275215568, -156.57090536085136, -148.96263418283732, -150.57914287848948, -152.81643418283727, -157.03492756841453, -157.31551887276237, -161.37631452493625]
SD.DSH [-131.76350267198444, -130.92422441111486, -129.73613310676703, -128.84098050270035, -127.54023426201549, -128.0577299141894, -129.29343426201555, -130.680160348972, -132.9333386098416, -138.63467451761812, -138.18749190892245, -139.48604408283552, -148.56494843066162]
SD.LSH [-139.49370522094188, -139.69204869920273, -140.57740522094187, -140.6832965252897, -142.2269113375051, -142.71064869920272, -143.07635026865262, -143.21090244256564, -143.97837806538087, -145.0251519784243, -144.9694911088591, -143.58668275738322, -146.77934508340695]
SD.QID [-127.03837171961004, -123.8241780449584, -123.97939978408886, -124.67444326234974, -129.85739543626278, -131.5738041319149, -133.10789978408886, -134.1203912235255, -135.7810491898015, -136.90870136371453, -137.624423102845, -139.88818390281875, -142.3649361463233]
SD.RZH [-131.52820328704087, -138.1727614664274, -135.27662357190093, -135.76548960668885, -137.96010778850706, -138.29649869759794, -137.52981687941616, -135.17218381880616, -135.657547632976, -136.6439792443165, -138.07196270233578, -141.74993141822952, -144.85391425358875]
SD.TCH [-158.97374510066453, -158.883854624474, -158.67397367209304, -158.6644736720931, -161.5237718300578, -162.53880040148638, -162.7995765919626, -162.82140992529588, -161.46143373481974, -158.69265754434355, -157.1558861157721, -159.56176307496492, -157.42818135386733]
SD.TIA [-140.0121798147889, -141.2369673147889, -141.96590563352277, -141.55716991923705, -140.5072482170222, -140.74124266146669, -141.79033155035555, -142.2055759948, -142.24446488368892, -142.63280687105103, -143.4374056335228, -143.6142556335228, -150.05238230781566]
SD.WED [-144.7256124159041, -145.76849937242582, -148.41807328546932, -150.23151676373018, -150.87316024199103, -150.78923415503453, -150.69646458981714, -150.54574285068674, -149.46204285068671, -150.01329937242585, -150.96330372025193, -153.1511863289476, -153.61852462744358]
SD.YTA [-134.85085576904478, -133.7061937810426, -134.24858024801034, -134.13764546540165, -134.92711679993653, -136.49865556762916, -138.50391208936827, -139.53447295893352, -140.22884252415088, -141.40017873773098, -143.146330911644, -146.38257316034918, -148.51911986799908]
SD.ZCH [-136.09612766114742, -137.3611972263648, -143.19686005044832, -142.5726217814999, -144.27399410050322, -144.44716552907462, -145.6156972263648, -146.24030157419088, -145.68321461766917, -144.4846972263648, -145.71215374810396, -149.66057744175268, -153.9086810786695]
SH.SSE [-140.1657014021162, -137.6048090944239, -135.56183217134696, -135.09090140211623, -136.52022447903929, -137.73198601750084, -143.3113934262434, -142.18809840246365, -144.49213318507233, -144.19110899555014, -143.92601852969347, -143.73569244273693, -148.65337070360656]
SH.TPS [-142.9361543392186, -142.940883285608, -142.38553980734713, -142.51264564356643, -143.5961543392186, -144.10559781747946, -144.64807173052296, -145.08964999139255, -145.05326303487078, -143.9809528508254, -143.30648763343407, -143.08873111169493, -147.29252600406832]
SN.BAD [-153.97078338829476, -155.78529338829478, -156.87883838829478, -158.86846573070048, -159.2564957307005, -158.52193073070052, -156.8874057307005, -155.5282857307005, -154.0674257307005, -153.63485573070048, -155.2690907307005, -159.1433357307005, -164.30600089427548]
SN.XAN [-141.6483655209464, -141.1324433896424, -139.8198524805515, -140.75936157146057, -145.12636647464112, -145.40688884418785, -145.46201052094645, -145.26061552094643, -145.2408105209464, -146.64746143461704, -146.83693643461706, -150.81964380298194, -153.29288157430722]
SX.CHZ [-140.60188757416054, -141.86117887850835, -141.42932235676923, -141.91081800894312, -141.60525713937787, -141.87515326904045, -141.84791517380236, -141.67546279285, -142.22395803094525, -143.54606679361896, -141.23789213311494, -142.11070106520552, -147.5438314999881]
SX.DOS [-145.38490894302865, -144.8273240745923, -144.54833359840183, -145.61019253781404, -145.3649470832686, -143.46946981054126, -141.71860894302864, -140.69348799235948, -138.50872633433298, -138.79853344574494, -143.03352672437586, -145.3150585425577, -145.68568543051427]
SX.JIC [-140.56088635206822, -141.0015631309258, -141.41563852598128, -142.57302622367553, -143.92966947140775, -144.49984773227726, -144.94808499923937, -143.54103717315243, -141.74574140663094, -138.96201531967438, -138.03058923271786, -135.59698488489178, -138.48386760793505]
SX.LIF [-149.52067313665341, -149.95947050507445, -147.9536283998113, -147.72305734717972, -149.12537576823235, -149.18184155770604, -149.36748103139027, -149.436594189285, -149.04701787349552, -147.3007494524429, -143.38704094225236, -142.12445833355667, -149.17152313665338]
SX.LIS [-155.170339562952, -155.58620912816943, -154.4558153371428, -154.09408925018633, -153.85376685497243, -153.52924076801594, -152.82821966514214, -152.36490091514213, -152.16840598540722, -156.58812642904388, -157.2360568638265, -159.3307481681743, -162.2658916464352]
SX.SZZ [-153.75342152739805, -155.4552594249782, -155.08927246845644, -152.66790403541572, -150.44008619793195, -148.84609054575802, -147.74185576314935, -150.5022833264228, -148.52112088622576, -155.2360521221266, -156.887250729326, -159.07817246845644, -159.41742273690815]
SX.XAX [-148.5703265452849, -149.65074192990025, -148.6616188529772, -146.4089780216455, -145.65974192990032, -145.31596500682335, -142.85399311692194, -142.42258007344364, -142.02153659518282, -142.66081654429013, -143.67767741385532, -147.20216837280032, -151.93856002255097]
SX.XIY [-153.00287597732748, -153.7814966494577, -153.30207230892879, -153.8509853524071, -154.90099404805923, -155.32283752632011, -152.78752212159276, -153.1943845975708, -153.93674622197224, -154.11169404805923, -154.7419418741462, -154.80101143936355, -161.62869676394797]
SX.YUY [-129.69881438876882, -129.34923612789927, -130.30312650667418, -125.75475351920365, -128.6110244675959, -131.19633316324808, -132.38570707629157, -134.0228592502046, -136.923528815422, -141.78893751107415, -142.0893385594036, -138.63475351920363, -143.67531004094272]
TJ.ZTZ [-133.49791905080932, -133.21199731167886, -132.5873451377658, -132.51511905080932, -133.45657811207062, -133.2373868077228, -132.9432215903315, -132.87091842775575, -134.40033458225824, -131.99788675617128, -130.58930414747564, -125.0161519735626, -125.58564767728802]
XJ.AKS [-153.542629296843, -153.28521566047934, -148.71439270266652, -147.7914108844847, -149.77747452084833, -150.17974724812106, -150.64301088448468, -150.623838157212, -152.94437929684298, -153.96156566047935, -151.92265633903014, -152.02415633903013, -158.28102906630286]
XJ.ALS [-153.49115471273396, -153.4778605098354, -152.7116764518644, -146.33145148741494, -147.9733437951072, -147.9718822566457, -148.16272841049187, -148.32972071818418, -148.4819976412611, -148.6775668720303, -148.32412071818416, -151.96253610279956, -157.51441302587648]
XJ.ALT [-139.72600625678317, -138.44649087216777, -137.28762164139852, -137.6242524106293, -138.80759856447548, -139.46560625678316, -140.86679856447546, -141.67399087216776, -143.56592933370624, -148.6191636679028, -149.0443062567832, -153.19549856447546, -158.44519087216779]
XJ.BAC [-143.24763368478824, -137.33004672252713, -135.88554469460948, -134.296012983846, -132.6837649418032, -133.66679972441185, -133.77126210714252, -133.40038199439755, -132.30036895091934, -139.54133203146503, -139.8030467225271, -141.3776697994502, -148.22940056868097]
XJ.CBC [-157.7104117052965, -159.8222667427721, -152.21793835375396, -158.41473314649414, -151.75542882994446, -156.16315083573133, -152.3898483163059, -152.10963092500154, -152.14599179456678, -151.0678613597842, -151.27810502042064, -153.4829137596439, -159.05073549877434]
XJ.FUH [-154.4663028570394, -155.17942894399593, -155.83587677008288, -158.42229626241925, -157.9528534151358, -157.84838981356114, -161.24639324463772, -160.94516280985513, -157.55828546573505, -160.29718981356118, -164.77602367942038, -165.6440715055073, -164.2257528260052]
XJ.HTA [-137.41643686948484, -135.68006763871563, -135.07759840794637, -135.56421379256173, -135.74276763871558, -135.66121379256177, -135.63683686948482, -135.6514984079464, -133.8923621181125, -135.81527081376464, -136.98645777028636, -137.74379690072118, -148.54142917717715]
XJ.KMY [-152.84022493900338, -152.62891724669572, -152.89536340054187, -154.02508647746492, -154.18990186208032, -153.92028647746497, -153.45060186208033, -152.7825172466957, -152.48264032361877, -153.07143263131107, -154.89336614364476, -154.01820900078764, -156.26204801592647]
XJ.KOL [-142.7958964166998, -142.61969206887372, -142.1658007645259, -142.84933856956766, -142.68886164649078, -142.62906933879842, -141.83406933879843, -141.45812318495226, -140.58775395418303, -139.4615231849523, -139.23596933879844, -139.33912862215732, -149.24333087725998]
XJ.KSZ [-134.26367073969251, -140.03859267967687, -131.84351989212985, -134.4944514910122, -133.46569380517332, -135.01908076169508, -134.91353293560815, -134.83894116930531, -141.40419485358987, -140.75619267967687, -132.21617963084375, -140.7707948535899, -145.71792746228556]
XJ.RGN [-118.10138999241738, -120.20543999241735, -121.15190189717927, -121.97852808765546, -128.4160495162269, -130.34184713527452, -131.5309304686078, -132.8791733257507, -134.94387094479833, -139.36255427813163, -140.22917332575068, -141.21008046860786, -144.87317570670305]
XJ.SHZ [-141.83734511022118, -140.05916049483656, -139.41564291241897, -139.48926818714426, -139.05325170362778, -139.42301434099042, -139.5899264289025, -139.9091066486827, -139.32066269263876, -137.91948576956187, -138.1094198354959, -131.86634093222887, -136.7240062465875]
XJ.TAC [-156.6452898218695, -155.52814475144703, -156.06990108947517, -157.95143325367405, -159.76625320215123, -161.14169381705432, -161.4258853663501, -156.1574809414602, -155.81358118582992, -160.4553503852499, -155.17973770756902, -161.99943325367406, -164.20524029592755]
XJ.WCW [-113.33253340447786, -113.03139996755007, -108.7472094913596, -107.34377615802626, -105.16491848776302, -104.34180979211084, -103.52386196602392, -106.678556410096, -104.95546550100511, -104.6119655010051, -104.37782004645963, -106.12129592080984, -117.71728795362137]
XJ.WMQ [-129.4403417469992, -133.52533815325754, -132.11389902282275, -126.53835538336283, -129.69597811063554, -130.84156151670527, -132.152028183372, -133.54840159851497, -136.40407036068476, -137.31810882222322, -138.07060882222322, -140.02343959145395, -147.8992836409971]
XJ.WNQ [-140.92202241918025, -143.66287696463476, -146.66631649063956, -148.45611484907235, -150.60120651573902, -151.43031484907235, -152.01742318240568, -152.34248984907234, -152.7537231824057, -153.3221481824057, -153.92875651573902, -156.94993984907236, -161.79197318240568]
XJ.WUS [-144.2283644009292, -146.55234717514506, -148.33845434522257, -149.08429782348344, -149.96194452138127, -150.0779619126856, -148.8865297838407, -148.8278341316668, -148.14963227315266, -147.54536304238343, -147.77216369181343, -149.8793861193065, -157.2329260216612]
XZ.CAD [-140.50114741763463, -141.19693972532696, -142.5260012637885, -143.77693203301925, -146.55682434071156, -147.33248587917308, -148.1812704945577, -148.7049397253269, -148.73478888265024, -147.9824843371957, -148.94938451831547, -150.36589562942657, -157.51290813051696]
XZ.LIZ [-133.31065665103952, -131.00127887326178, -129.6246788732618, -129.45992331770623, -128.30933442881735, -128.33162331770623, -128.18853442881732, -129.97222693331793, -130.54218977537104, -133.09968068446193, -134.20563068446194, -136.31572518107797, -144.85320439528041]
XZ.LSA [-132.2519940206183, -130.12311902061828, -129.0102940206183, -128.9083690206183, -131.02129402061829, -131.6514190206183, -132.9393440206183, -135.2465440206183, -142.7180190206183, -148.7338940206183, -150.95054402061828, -153.3191190206183, -159.39439402061828]
XZ.NAQ [-150.17638944254324, -151.35317693161872, -152.87484214901002, -153.20695084466223, -153.97407693161875, -154.65292475770573, -155.40110736640136, -155.69666823596657, -155.7984943229231, -155.556289975097, -155.52393780118396, -155.72374214901006, -161.2683355963894]
XZ.RKZ [-137.752976050918, -137.07203855091802, -136.611401050918, -136.925138550918, -140.95541355091802, -142.068626050918, -142.59198855091802, -143.08707605091803, -144.146376050918, -144.849376050918, -144.401251050918, -143.14079546815876, -151.40665880993996]
XZ.SNA [-144.1323940182386, -141.29486793128206, -140.10285488780383, -140.29673314867338, -142.94392880084732, -144.484663583456, -146.4274201051951, -148.1610983660647, -149.89221140954294, -152.5102896704125, -153.50035923562993, -154.02635488780382, -161.6385592356299]
YN.BAS [-150.2047562568671, -150.28990503735494, -149.7147391836964, -147.39322727977583, -145.49688532224513, -146.16670504055497, -146.91838532224511, -148.32058813914654, -148.84863602647047, -146.47451771661127, -144.85871489970995, -145.11444943012108, -146.66296247359935]
YN.CUX [-139.22322176543588, -138.90557246966125, -139.6316146124564, -139.13666824430913, -139.52377882174417, -140.33813025031557, -141.35848453602986, -141.8461245360299, -142.1827631074585, -143.06880882174414, -143.609541678887, -143.98520882174415, -147.82685596460132]
YN.JIH [-150.2443195202513, -153.761211159317, -150.12197585827948, -153.95223289844742, -155.00446333323004, -152.2263590962013, -152.28299712437027, -153.30161940560444, -154.0943010957453, -155.73322749434686, -154.61971879869472, -153.44555358130341, -153.7450364216598]
YN.JIP [-147.6791753643874, -144.77506898140865, -143.32444132183414, -143.10767323672783, -145.21459451332353, -146.16624770481292, -147.1975157899193, -147.62945408779166, -147.81348813034484, -148.42876098442105, -151.10694734805742, -156.91912393548733, -163.68262828331342]
YN.KMI [-149.2499172892634, -141.4978080138348, -145.71629843074862, -142.11325365289977, -142.44467183471795, -142.93413547108162, -143.2855081983543, -149.03033176408195, -149.10133479438497, -149.2333014610516, -149.70445903680923, -150.97187115802137, -157.13438933983957]
YN.LIC [-141.98782124445543, -143.03172124445544, -142.87252124445544, -143.57092124445543, -150.68062124445544, -152.24482124445544, -153.47662124445543, -155.25672124445543, -158.83472124445544, -160.18422124445541, -160.21992124445543, -161.27812124445543, -163.64793690575334]
YN.LIJ [-151.6780795115756, -151.9030034552375, -152.09574715821105, -151.05747669467416, -149.16933303270227, -149.0840034962392, -148.62467673567582, -148.11150631314058, -148.2794300865466, -146.70711301337587, -146.38602811970713, -144.56597387777276, -153.47949922988545]
YN.LUS [-141.51537741605645, -141.4032281202818, -140.368360514648, -139.6702745991551, -140.79416192309873, -141.7794266809898, -142.21958769793895, -142.54901481658302, -144.02468261319316, -146.40615888437964, -148.06902983721906, -149.64769940243642, -157.0566994024364]
YN.MAL [-146.10494254932576, -147.40666254932577, -146.41365254932577, -145.92150254932574, -146.83355254932576, -146.76330254932574, -145.65782254932572, -144.13570754932573, -142.21424254932577, -140.42226754932574, -139.68472254932576, -140.49545254932576, -147.56739000791862]
YN.MAS [-127.83664422685871, -127.04001443962467, -126.10640167366722, -126.6776016736672, -130.15592295026298, -130.63553358856083, -132.6553782694119, -133.13831443962468, -133.54902933324166, -131.86331656728424, -130.16735486515654, -131.22326124813532, -137.76332538318488]
YN.SIM [-147.13096807196766, -148.90986168898894, -151.3986723272868, -151.47588296558467, -151.10213402941446, -150.8592787102655, -150.4011808379251, -149.47090211452084, -147.50352551877617, -148.60083223603107, -152.27112254289062, -153.9451408527498, -157.67383099359483]
YN.TOH [-139.20159087548993, -138.54937868036797, -137.48645485618096, -137.57081541956126, -138.96177603644637, -140.1453718110942, -141.1203211068689, -141.78987040264354, -142.73581969841817, -141.85545631813648, -140.825425332221, -140.4296239237703, -147.06123938391625]
YN.TUS [-137.5811160796379, -137.68104941297122, -138.84681607963788, -139.62393089445266, -139.94287163519343, -140.59372348704528, -140.8382383018601, -140.9343531166749, -140.64031237593417, -138.2537287494664, -136.62323219774228, -134.6269615080871, -140.75314692394167]
YN.WES [-144.1199632040515, -145.2775181336289, -146.22388034064585, -145.93218953035284, -146.3351909388035, -146.77938468847196, -146.49018671345144, -146.43033178387398, -148.32525616179794, -148.42790123222042, -146.87555425368936, -149.77287869700922, -154.592584330812]
YN.ZOD [-144.49621579137076, -143.32698896210246, -141.6534133523464, -140.79014126467166, -141.87590887030544, -142.6022559192881, -142.7107677836949, -143.3225060352732, -142.14854235996606, -141.75460168199996, -142.59190603527324, -143.09735481576098, -148.19437676698053]
ZJ.HAY [-143.6036544630669, -144.15197185437125, -144.61275446306692, -146.00521098480604, -147.2922544630669, -147.82073707176258, -148.62442402828432, -149.0516675065452, -149.04877185437127, -148.7555196804582, -148.68281533263212, -148.88925759258075, -150.77439869161486]
ZJ.HAZ [-145.41487992444198, -140.93710873471053, -136.47318862009408, -135.06619692443584, -133.09050298953005, -134.19892301139234, -135.486605620088, -136.9482795331315, -136.6324609086236, -136.07004351731928, -135.46754514183323, -133.67530166357236, -138.72762340270282]
ZJ.HUZ [-143.15125988275173, -141.16407289918965, -137.75797289918967, -137.84381335094747, -138.86148291616485, -139.69435248138225, -140.45550900312136, -141.556939437904, -138.57480770883868, -137.9374207523169, -143.73347289918965, -146.26346258038708, -150.18104249144736]
ZJ.JAX [-149.35045324475468, -150.20462715779814, -149.22486194040684, -148.3173186629484, -148.79943476932036, -150.17143150562424, -150.7941402012764, -152.08718367953728, -152.77887063605903, -152.61913170642669, -151.38124474990494, -145.54045759258076, -151.9935360542528]
ZJ.NIB [-142.75531010152554, -141.78178629200167, -141.32157846871985, -140.8768689449103, -139.48709609511513, -139.50877791329697, -139.55377791329695, -139.18081427693335, -139.0481585303983, -137.49037620105997, -139.59185853039827, -137.50005398494375, -141.5810910539065]
ZJ.SOY [-150.21268728973308, -148.86045250712436, -147.78833672448155, -147.44358455056846, -148.27101498535112, -148.95054542013372, -149.32816425926896, -149.30705846361198, -148.72392368100327, -149.0384083345317, -150.24986622926855, -150.13188728190013, -156.75302938716328]
ZJ.WEZ [-143.81712847561428, -144.46063545530967, -143.8073685784039, -143.487325100143, -144.89743980313574, -146.03051202962442, -146.94069901318645, -147.32616423057777, -147.71416973640407, -145.22786104075192, -144.29568712770845, -143.74391321466499, -145.480244180987]
ZJ.WXJ [-151.29872350095107, -149.42965172067719, -147.93137172679158, -147.76058042244378, -149.2668365444293, -147.7792887183424, -147.23832350095105, -147.0754061096467, -147.7987760746177, -151.0830778076337, -153.56974737285108, -155.5488408664953, -158.429776014008]
ZJ.YOK [-146.40536501729449, -147.32272865365812, -148.06919381956865, -148.84793295000344, -149.40124599348172, -148.17437208043825, -147.58894599348167, -147.3198199065252, -152.6880234015409, -151.7798032551413, -152.75165903695995, -156.69150601023657, -156.43442923945244]
ZJ.YUQ [-143.12277811960732, -143.7254911630856, -144.88277811960737, -144.81463069446662, -147.56134808577096, -148.0595393901188, -148.13251765098835, -147.96905678142312, -149.41261774556517, -150.2311256561407, -151.6978995691842, -153.30337628432338, -155.21814565596512]
ZJ.ZHS [-144.29459667445363, -143.72647286625337, -143.77086218387737, -144.4881849111501, -145.77669400205917, -146.12878945660464, -146.5980076384228, -147.0375576384228, -147.25645280407193, -147.655825820241, -148.7308093258111, -148.30256584755026, -150.410010484902]